# error_rate_training	alpha
1.135399673735725951e-01 0.000000000000000000e+00
1.135399673735725951e-01 5.000000000000000000e-01
1.135399673735725951e-01 1.000000000000000000e+00
1.138662316476345832e-01 1.500000000000000000e+00
1.141924959216965713e-01 2.000000000000000000e+00
1.145187601957585594e-01 2.500000000000000000e+00
1.145187601957585594e-01 3.000000000000000000e+00
1.148450244698205613e-01 3.500000000000000000e+00
1.151712887438825494e-01 4.000000000000000000e+00
1.154975530179445375e-01 4.500000000000000000e+00
1.161500815660685137e-01 5.000000000000000000e+00
1.161500815660685137e-01 5.500000000000000000e+00
1.168026101141924900e-01 6.000000000000000000e+00
1.171288743882544919e-01 6.500000000000000000e+00
1.168026101141924900e-01 7.000000000000000000e+00
1.171288743882544919e-01 7.500000000000000000e+00
1.177814029363784681e-01 8.000000000000000000e+00
1.181076672104404562e-01 8.500000000000000000e+00
1.181076672104404562e-01 9.000000000000000000e+00
1.187601957585644324e-01 9.500000000000000000e+00
1.187601957585644324e-01 1.000000000000000000e+01
1.187601957585644324e-01 1.050000000000000000e+01
1.190864600326264205e-01 1.100000000000000000e+01
1.190864600326264205e-01 1.150000000000000000e+01
1.190864600326264205e-01 1.200000000000000000e+01
1.197389885807504106e-01 1.250000000000000000e+01
1.197389885807504106e-01 1.300000000000000000e+01
1.197389885807504106e-01 1.350000000000000000e+01
1.200652528548123987e-01 1.400000000000000000e+01
1.200652528548123987e-01 1.450000000000000000e+01
1.200652528548123987e-01 1.500000000000000000e+01
1.203915171288743868e-01 1.550000000000000000e+01
1.203915171288743868e-01 1.600000000000000000e+01
1.210440456769983630e-01 1.650000000000000000e+01
1.210440456769983630e-01 1.700000000000000000e+01
1.210440456769983630e-01 1.750000000000000000e+01
1.210440456769983630e-01 1.800000000000000000e+01
1.210440456769983630e-01 1.850000000000000000e+01
1.210440456769983630e-01 1.900000000000000000e+01
1.210440456769983630e-01 1.950000000000000000e+01
1.210440456769983630e-01 2.000000000000000000e+01
1.216965742251223531e-01 2.050000000000000000e+01
1.220228384991843412e-01 2.100000000000000000e+01
1.220228384991843412e-01 2.150000000000000000e+01
1.216965742251223531e-01 2.200000000000000000e+01
1.223491027732463293e-01 2.250000000000000000e+01
1.226753670473083174e-01 2.300000000000000000e+01
1.226753670473083174e-01 2.350000000000000000e+01
1.226753670473083174e-01 2.400000000000000000e+01
1.233278955954322936e-01 2.450000000000000000e+01
1.236541598694942956e-01 2.500000000000000000e+01
1.236541598694942956e-01 2.550000000000000000e+01
1.236541598694942956e-01 2.600000000000000000e+01
1.236541598694942956e-01 2.650000000000000000e+01
1.239804241435562837e-01 2.700000000000000000e+01
1.239804241435562837e-01 2.750000000000000000e+01
1.233278955954322936e-01 2.800000000000000000e+01
1.236541598694942956e-01 2.850000000000000000e+01
1.236541598694942956e-01 2.900000000000000000e+01
1.239804241435562837e-01 2.950000000000000000e+01
1.239804241435562837e-01 3.000000000000000000e+01
1.239804241435562837e-01 3.050000000000000000e+01
1.243066884176182718e-01 3.100000000000000000e+01
1.243066884176182718e-01 3.150000000000000000e+01
1.243066884176182718e-01 3.200000000000000000e+01
1.243066884176182718e-01 3.250000000000000000e+01
1.252854812398042361e-01 3.300000000000000000e+01
1.252854812398042361e-01 3.350000000000000000e+01
1.252854812398042361e-01 3.400000000000000000e+01
1.256117455138662242e-01 3.450000000000000000e+01
1.256117455138662242e-01 3.500000000000000000e+01
1.259380097879282123e-01 3.550000000000000000e+01
1.262642740619902004e-01 3.600000000000000000e+01
1.265905383360521885e-01 3.650000000000000000e+01
1.265905383360521885e-01 3.700000000000000000e+01
1.265905383360521885e-01 3.750000000000000000e+01
1.265905383360521885e-01 3.800000000000000000e+01
1.265905383360521885e-01 3.850000000000000000e+01
1.265905383360521885e-01 3.900000000000000000e+01
1.265905383360521885e-01 3.950000000000000000e+01
1.269168026101142044e-01 4.000000000000000000e+01
1.269168026101142044e-01 4.050000000000000000e+01
1.269168026101142044e-01 4.100000000000000000e+01
1.272430668841761925e-01 4.150000000000000000e+01
1.269168026101142044e-01 4.200000000000000000e+01
1.272430668841761925e-01 4.250000000000000000e+01
1.275693311582381806e-01 4.300000000000000000e+01
1.278955954323001687e-01 4.350000000000000000e+01
1.278955954323001687e-01 4.400000000000000000e+01
1.282218597063621568e-01 4.450000000000000000e+01
1.282218597063621568e-01 4.500000000000000000e+01
1.282218597063621568e-01 4.550000000000000000e+01
1.282218597063621568e-01 4.600000000000000000e+01
1.282218597063621568e-01 4.650000000000000000e+01
1.282218597063621568e-01 4.700000000000000000e+01
1.285481239804241449e-01 4.750000000000000000e+01
1.285481239804241449e-01 4.800000000000000000e+01
1.285481239804241449e-01 4.850000000000000000e+01
1.285481239804241449e-01 4.900000000000000000e+01
1.288743882544861330e-01 4.950000000000000000e+01
1.288743882544861330e-01 5.000000000000000000e+01
1.292006525285481211e-01 5.050000000000000000e+01
1.292006525285481211e-01 5.100000000000000000e+01
1.301794453507340854e-01 5.150000000000000000e+01
1.301794453507340854e-01 5.200000000000000000e+01
1.301794453507340854e-01 5.250000000000000000e+01
1.301794453507340854e-01 5.300000000000000000e+01
1.301794453507340854e-01 5.350000000000000000e+01
1.301794453507340854e-01 5.400000000000000000e+01
1.305057096247960735e-01 5.450000000000000000e+01
1.305057096247960735e-01 5.500000000000000000e+01
1.305057096247960735e-01 5.550000000000000000e+01
1.308319738988580616e-01 5.600000000000000000e+01
1.308319738988580616e-01 5.650000000000000000e+01
1.308319738988580616e-01 5.700000000000000000e+01
1.311582381729200775e-01 5.750000000000000000e+01
1.314845024469820656e-01 5.800000000000000000e+01
1.314845024469820656e-01 5.850000000000000000e+01
1.318107667210440537e-01 5.900000000000000000e+01
1.321370309951060418e-01 5.950000000000000000e+01
1.321370309951060418e-01 6.000000000000000000e+01
1.321370309951060418e-01 6.050000000000000000e+01
1.331158238172920061e-01 6.100000000000000000e+01
1.327895595432300180e-01 6.150000000000000000e+01
1.327895595432300180e-01 6.200000000000000000e+01
1.327895595432300180e-01 6.250000000000000000e+01
1.327895595432300180e-01 6.300000000000000000e+01
1.327895595432300180e-01 6.350000000000000000e+01
1.327895595432300180e-01 6.400000000000000000e+01
1.327895595432300180e-01 6.450000000000000000e+01
1.327895595432300180e-01 6.500000000000000000e+01
1.327895595432300180e-01 6.550000000000000000e+01
1.327895595432300180e-01 6.600000000000000000e+01
1.327895595432300180e-01 6.650000000000000000e+01
1.327895595432300180e-01 6.700000000000000000e+01
1.327895595432300180e-01 6.750000000000000000e+01
1.327895595432300180e-01 6.800000000000000000e+01
1.331158238172920061e-01 6.850000000000000000e+01
1.331158238172920061e-01 6.900000000000000000e+01
1.331158238172920061e-01 6.950000000000000000e+01
1.331158238172920061e-01 7.000000000000000000e+01
1.331158238172920061e-01 7.050000000000000000e+01
1.331158238172920061e-01 7.100000000000000000e+01
1.327895595432300180e-01 7.150000000000000000e+01
1.331158238172920061e-01 7.200000000000000000e+01
1.334420880913539942e-01 7.250000000000000000e+01
1.334420880913539942e-01 7.300000000000000000e+01
1.334420880913539942e-01 7.350000000000000000e+01
1.334420880913539942e-01 7.400000000000000000e+01
1.337683523654159823e-01 7.450000000000000000e+01
1.337683523654159823e-01 7.500000000000000000e+01
1.337683523654159823e-01 7.550000000000000000e+01
1.360522022838499268e-01 7.600000000000000000e+01
1.360522022838499268e-01 7.650000000000000000e+01
1.363784665579119149e-01 7.700000000000000000e+01
1.367047308319739030e-01 7.750000000000000000e+01
1.370309951060358911e-01 7.800000000000000000e+01
1.370309951060358911e-01 7.850000000000000000e+01
1.367047308319739030e-01 7.900000000000000000e+01
1.373572593800978792e-01 7.950000000000000000e+01
1.370309951060358911e-01 8.000000000000000000e+01
1.370309951060358911e-01 8.050000000000000000e+01
1.370309951060358911e-01 8.100000000000000000e+01
1.370309951060358911e-01 8.150000000000000000e+01
1.370309951060358911e-01 8.200000000000000000e+01
1.370309951060358911e-01 8.250000000000000000e+01
1.373572593800978792e-01 8.300000000000000000e+01
1.370309951060358911e-01 8.350000000000000000e+01
1.370309951060358911e-01 8.400000000000000000e+01
1.370309951060358911e-01 8.450000000000000000e+01
1.376835236541598673e-01 8.500000000000000000e+01
1.376835236541598673e-01 8.550000000000000000e+01
1.376835236541598673e-01 8.600000000000000000e+01
1.376835236541598673e-01 8.650000000000000000e+01
1.376835236541598673e-01 8.700000000000000000e+01
1.376835236541598673e-01 8.750000000000000000e+01
1.376835236541598673e-01 8.800000000000000000e+01
1.376835236541598673e-01 8.850000000000000000e+01
1.383360522022838435e-01 8.900000000000000000e+01
1.380097879282218554e-01 8.950000000000000000e+01
1.380097879282218554e-01 9.000000000000000000e+01
1.380097879282218554e-01 9.050000000000000000e+01
1.380097879282218554e-01 9.100000000000000000e+01
1.380097879282218554e-01 9.150000000000000000e+01
1.380097879282218554e-01 9.200000000000000000e+01
1.380097879282218554e-01 9.250000000000000000e+01
1.380097879282218554e-01 9.300000000000000000e+01
1.380097879282218554e-01 9.350000000000000000e+01
1.380097879282218554e-01 9.400000000000000000e+01
1.380097879282218554e-01 9.450000000000000000e+01
1.380097879282218554e-01 9.500000000000000000e+01
1.383360522022838435e-01 9.550000000000000000e+01
1.383360522022838435e-01 9.600000000000000000e+01
1.380097879282218554e-01 9.650000000000000000e+01
1.380097879282218554e-01 9.700000000000000000e+01
1.380097879282218554e-01 9.750000000000000000e+01
1.380097879282218554e-01 9.800000000000000000e+01
1.380097879282218554e-01 9.850000000000000000e+01
1.383360522022838435e-01 9.900000000000000000e+01
1.383360522022838435e-01 9.950000000000000000e+01
1.386623164763458316e-01 1.000000000000000000e+02
